ISS (ZARYA)             
1 25544U 98067A   26152.12982146  .00009579  00000+0  17840-3 0  9991
2 25544  51.6333  19.5912 0007212 120.4663 239.7039 15.49534343569266
POISK                   
1 36086U 09060A   26152.12982146  .00009579  00000+0  17840-3 0  9999
2 36086  51.6333  19.5912 0007212 120.4663 239.7039 15.49534343569067
CSS (TIANHE)            
1 48274U 21035A   26152.16894015  .00017331  00000+0  21088-3 0  9992
2 48274  41.4696  59.4335 0010289 319.9578  40.0501 15.60077285290662
ISS (NAUKA)             
1 49044U 21066A   26152.12982146  .00009579  00000+0  17840-3 0  9997
2 49044  51.6333  19.5912 0007212 120.4663 239.7039 15.49534343569100
FREGAT DEB              
1 49271U 11037PF  26151.14915702  .00018955  00000+0  30994-1 0  9992
2 49271  51.6227  53.0895 0914379 245.3590 104.9405 12.41880577222933
CSS (WENTIAN)           
1 53239U 22085A   26152.16894015  .00017331  00000+0  21088-3 0  9995
2 53239  41.4696  59.4335 0010289 319.9578  40.0501 15.60077285288239
CSS (MENGTIAN)          
1 54216U 22143A   26152.16894015  .00017331  00000+0  21088-3 0  9996
2 54216  41.4696  59.4335 0010289 319.9578  40.0501 15.60077285290889
HRC MONOBLOCK CAMERA    
1 66052U 98067XR  26151.99933621  .00073402  00000+0  55962-3 0  9991
2 66052  51.6254   2.1744 0002524 137.1727 222.9468 15.71553828 35458
SZ-21 MODULE            
1 66515U 25246C   26151.92703009  .00047273  00000+0  30915-3 0  9990
2 66515  41.4747  48.4889 0006983 254.3459 105.6614 15.74944367 31176
SOYUZ-MS 28             
1 66664U 25275A   26152.12982146  .00009579  00000+0  17840-3 0  9990
2 66664  51.6333  19.5912 0007212 120.4663 239.7039 15.49534343569185
DUPLEX                  
1 66906U 98067XS  26151.92972622  .00042930  00000+0  49813-3 0  9996
2 66906  51.6278  11.4958 0005032 132.1982 227.9440 15.61325631 28115
ISS OBJECT XY           
1 66912U 98067XY  26151.84456796  .00304555  00000+0  11358-2 0  9999
2 66912  51.6215   0.3201 0004911 220.2101 139.8540 15.86596870 28246
KNACKSAT-2              
1 67683U 98067XZ  26152.00726256  .00049318  00000+0  63621-3 0  9999
2 67683  51.6301  15.7710 0011212 145.6045 214.5676 15.58422414 17758
CORAL                   
1 67684U 98067YA  26152.00406953  .00169913  00000+0  13088-2 0  9994
2 67684  51.6262  11.2239 0011370 157.0659 203.0848 15.70846913 17814
GXIBA-1                 
1 67685U 98067YB  26151.83245601  .00058438  00000+0  71541-3 0  9994
2 67685  51.6289  16.1025 0012602 143.2399 216.9460 15.59712664 17734
UITMSAT-2               
1 67686U 98067YC  26152.00294103  .00077911  00000+0  85966-3 0  9999
2 67686  51.6284  14.2411 0008719 131.0440 229.1309 15.62343671 17778
LEOPARD                 
1 67687U 98067YD  26152.23713563  .00054467  00000+0  68046-3 0  9992
2 67687  51.6312  14.3156 0008753 127.1085 233.0709 15.59257231 17711
HMU-SAT2                
1 67688U 98067YE  26151.78609194  .00067265  00000+0  78081-3 0  9996
2 67688  51.6294  15.7995 0008726 127.6697 232.5089 15.61093645 17659
CREW DRAGON 12          
1 67796U 26031A   26152.12982146  .00009579  00000+0  17840-3 0  9998
2 67796  51.6333  19.5912 0007212 120.4663 239.7039 15.49534343569340
PROGRESS-MS 33          
1 68319U 26058A   26152.12982146  .00009579  00000+0  17840-3 0  9999
2 68319  51.6333  19.5912 0007212 120.4663 239.7039 15.49534343569229
CYGNUS NG-24            
1 68689U 26079A   26152.12982146  .00009579  00000+0  17840-3 0  9992
2 68689  51.6333  19.5912 0007212 120.4663 239.7039 15.49534343569465
PROGRESS-MS 34          
1 68837U 26093A   26152.12982146  .00009579  00000+0  17840-3 0  9993
2 68837  51.6333  19.5912 0007212 120.4663 239.7039 15.49534343569505
TIANZHOU-10             
1 69049U 26102A   26152.16894015  .00017331  00000+0  21088-3 0  9995
2 69049  41.4696  59.4335 0010289 319.9578  40.0501 15.60077285  3544
DRAGON CRS-34           
1 69103U 26107A   26152.12982146  .00009579  00000+0  17840-3 0  9996
2 69103  51.6333  19.5912 0007212 120.4663 239.7039 15.49534343569344
SHENZHOU-23 (SZ-23)     
1 69180U 26113A   26152.16894015  .00017331  00000+0  21088-3 0  9993
2 69180  41.4696  59.4335 0010289 319.9578  40.0501 15.60077285290650
DMSP 5D-3 F16 (USA 172) 
1 28054U 03048A   26152.25194657  .00000056  00000+0  52776-4 0  9990
2 28054  98.9895 175.9743 0006916 182.9890 253.7522 14.14481448167238
METEOSAT-9 (MSG-2)      
1 28912U 05049B   26151.86675139  .00000130  00000+0  00000+0 0  9992
2 28912   9.3257  54.3282 0001356   1.3249 191.4934  1.00277997  6838
DMSP 5D-3 F17 (USA 191) 
1 29522U 06050A   26152.25963397  .00000091  00000+0  69177-4 0  9994
2 29522  98.7378 159.1557 0011305 100.1237 260.1213 14.14990471 10175
FENGYUN 3A              
1 32958U 08026A   26152.25898657  .00000087  00000+0  61827-4 0  9991
2 32958  98.6881  93.3907 0008864 166.6485 193.4928 14.19567534933143
GOES 14                 
1 35491U 09033A   26151.88768547 -.00000209  00000+0  00000+0 0  9995
2 35491   1.6491  83.2346 0002171 355.0521 281.7588  1.00116502  6420
DMSP 5D-3 F18 (USA 210) 
1 35951U 09057A   26152.22993475  .00000259  00000+0  15735-3 0  9990
2 35951  98.9032 133.0345 0010041 300.2495  59.7684 14.14887187857338
EWS-G2 (GOES 15)        
1 36411U 10008A   26152.05719623  .00000032  00000+0  00000+0 0  9996
2 36411   1.2345  83.1380 0005429  33.2306 217.2752  1.00275904 59471
COMS 1                  
1 36744U 10032A   26151.74022159 -.00000334  00000+0  00000+0 0  9994
2 36744   4.7678  75.5676 0001086 345.5556 222.7323  1.00272406 50921
FENGYUN 3B              
1 37214U 10059A   26152.32152060  .00000169  00000+0  11087-3 0  9992
2 37214  98.9628 198.2678 0021201 230.0385 191.9894 14.14838529805187
SUOMI NPP               
1 37849U 11061A   26152.26970247  .00000066  00000+0  52400-4 0  9999
2 37849  98.7951  93.2550 0002328  40.1037 320.0311 14.19513694756186
METEOSAT-10 (MSG-3)     
1 38552U 12035B   26152.07162083  .00000004  00000+0  00000+0 0  9999
2 38552   4.6343  61.0938 0001969 336.1985 238.1760  1.00275116 50692
METOP-B                 
1 38771U 12049A   26152.21077076  .00000133  00000+0  80510-4 0  9992
2 38771  98.6512 204.0278 0003070  55.1156 305.0310 14.21427963710992
INSAT-3D                
1 39216U 13038B   26152.23982639 -.00000327  00000+0  00000+0 0  9995
2 39216   1.8855  82.7362 0000981 339.8357  43.0222  1.00271003 46922
FENGYUN 3C              
1 39260U 13052A   26152.28359997  .00000086  00000+0  64997-4 0  9991
2 39260  98.4971 126.8896 0015839  70.6612 289.6274 14.15751037656311
METEOR-M 2              
1 40069U 14037A   26152.23742722  .00000183  00000+0  10292-3 0  9997
2 40069  98.5101 128.5415 0007063  83.0329 277.1652 14.21456927617052
HIMAWARI-8              
1 40267U 14060A   26152.24207973 -.00000262  00000+0  00000+0 0  9999
2 40267   0.0166 324.1962 0000983 115.9519  37.3923  1.00273892 42603
FENGYUN 2G              
1 40367U 14090A   26151.80610537 -.00000292  00000+0  00000+0 0  9991
2 40367   5.5994  73.0114 0003410 153.7844  52.1197  1.00280548 41839
METEOSAT-11 (MSG-4)     
1 40732U 15034A   26152.28738334  .00000074  00000+0  00000+0 0  9992
2 40732   3.1625  71.1967 0001610   2.0488 289.3053  1.00275331  7050
ELEKTRO-L 2             
1 41105U 15074A   26152.06870853 -.00000108  00000+0  00000+0 0  9999
2 41105   6.6554  70.7196 0001213 284.0407 265.0460  1.00272381 38346
SENTINEL-3A             
1 41335U 16011A   26152.29708259  .00000140  00000+0  75871-4 0  9999
2 41335  98.6253 219.9082 0001280 106.5858 253.5463 14.26735149535795
INSAT-3DR               
1 41752U 16054A   26152.09886075 -.00000064  00000+0  00000+0 0  9993
2 41752   0.1334  87.2362 0010355 189.6056  82.3486  1.00271303 35656
HIMAWARI-9              
1 41836U 16064A   26152.24207973 -.00000262  00000+0  00000+0 0  9998
2 41836   0.0422 128.5373 0001391 347.9068   1.2076  1.00270742 35054
GOES 16                 
1 41866U 16071A   26152.27753046 -.00000079  00000+0  00000+0 0  9995
2 41866   0.3005  85.6933 0000793 311.2548 208.0820  1.00271372 34945
FENGYUN 4A              
1 41882U 16077A   26152.31000347 -.00000345  00000+0  00000+0 0  9999
2 41882   2.2838  80.4587 0008171 151.6618 252.9434  1.00278080 34771
CYGFM05                 
1 41884U 16078A   26152.01467614  .00026377  00000+0  36731-3 0  9999
2 41884  34.9584   7.6220 0008154 348.9921  11.0624 15.55898469526233
CYGFM04                 
1 41885U 16078B   26151.90666830  .00034423  00000+0  40202-3 0  9997
2 41885  34.9336 336.8299 0006694  29.6421 330.4683 15.60525161526456
CYGFM02                 
1 41886U 16078C   26151.87389956  .00040795  00000+0  42616-3 0  9995
2 41886  34.9418 332.0480 0007716  31.5681 328.5507 15.63351860526611
CYGFM01                 
1 41887U 16078D   26152.01031604  .00028064  00000+0  38133-3 0  9991
2 41887  34.9415   8.8377 0008009 343.0665  16.9791 15.56549249526188
CYGFM08                 
1 41888U 16078E   26151.86892825  .00032529  00000+0  40119-3 0  9992
2 41888  34.9443 349.7736 0008821  13.1736 346.9218 15.59090542526429
CYGFM07                 
1 41890U 16078G   26151.89314918  .00033120  00000+0  40709-3 0  9993
2 41890  34.9460 337.9698 0007067  28.8540 331.2575 15.59194297526452
CYGFM03                 
1 41891U 16078H   26151.92810004  .00032425  00000+0  39865-3 0  9993
2 41891  34.9415 339.6792 0006719  16.4566 343.6376 15.59193242526434
FENGYUN 3D              
1 43010U 17072A   26152.29051341  .00000205  00000+0  11858-3 0  9998
2 43010  99.0113 126.4263 0002629  88.6817 271.4660 14.19736104442736
NOAA 20 (JPSS-1)        
1 43013U 17073A   26152.28285613  .00000072  00000+0  54923-4 0  9995
2 43013  98.7769  91.8872 0000766  37.3188 322.8041 14.19508500442219
GOES 17                 
1 43226U 18022A   26152.26779047 -.00000170  00000+0  00000+0 0  9995
2 43226   0.8981  85.9992 0000781 356.1123 174.5608  1.00272414 30267
SENTINEL-3B             
1 43437U 18039A   26152.12996816  .00000143  00000+0  77267-4 0  9990
2 43437  98.6252 219.8919 0001040  74.1150 286.0145 14.26736766421839
FENGYUN 2H              
1 43491U 18050A   26152.08739426 -.00000120  00000+0  00000+0 0  9992
2 43491   2.9913  79.2588 0001413 129.1417 152.0947  1.00272226 29270
METOP-C                 
1 43689U 18087A   26152.23085799  .00000133  00000+0  80707-4 0  9995
2 43689  98.6650 212.1253 0001118 146.2638 213.8611 14.21507428392564
GEO-KOMPSAT-2A          
1 43823U 18100A   26151.95445554 -.00000331  00000+0  00000+0 0  9992
2 43823   0.0609 114.2032 0002371 325.3491 281.7730  1.00272174 27461
METEOR-M2 2             
1 44387U 19038A   26152.22852384  .00000445  00000+0  21212-3 0  9990
2 44387  98.9133 139.2791 0002373  72.9145 287.2293 14.24362323359028
ARKTIKA-M 1             
1 47719U 21016A   26151.04547384 -.00000226  00000+0  00000+0 0  9997
2 47719  63.2376  60.1165 7282602 269.8629  14.7011  2.00628583 38442
FENGYUN 3E              
1 49008U 21062A   26152.27616021  .00000430  00000+0  22321-3 0  9992
2 49008  98.7486 155.8617 0002573 113.9191 246.2255 14.19904018254329
GOES 18                 
1 51850U 22021A   26151.97308898  .00000109  00000+0  00000+0 0  9991
2 51850   0.0520 130.4957 0000774 341.8282 350.4686  1.00274019  6432
NOAA 21 (JPSS-2)        
1 54234U 22150A   26152.24585429  .00000064  00000+0  50870-4 0  9996
2 54234  98.7058  91.3030 0000747 201.5825 158.5320 14.19562282184281
METEOSAT-12 (MTG-I1)    
1 54743U 22170C   26152.28538999  .00000004  00000+0  00000+0 0  9996
2 54743   0.7216  20.3169 0003598  67.6946 264.0902  1.00270999 12817
TIANMU-1 03             
1 55973U 23039A   26152.26794411  .00016353  00000+0  32776-3 0  9991
2 55973  97.5223 325.6203 0003994 138.7970 221.3582 15.46795026178374
TIANMU-1 04             
1 55974U 23039B   26152.26348183  .00016851  00000+0  33096-3 0  9992
2 55974  97.5160 324.7686 0004675 137.3742 222.7871 15.47375611178381
TIANMU-1 05             
1 55975U 23039C   26152.31265137  .00016031  00000+0  32214-3 0  9997
2 55975  97.5207 325.2874 0003359 154.5355 205.6061 15.46726811178368
TIANMU-1 06             
1 55976U 23039D   26152.26590514  .00016592  00000+0  32695-3 0  9997
2 55976  97.5213 325.8589 0003834 150.9551 209.1912 15.47286460178389
FENGYUN 3G              
1 56232U 23055A   26152.28175462  .00027412  00000+0  42062-3 0  9996
2 56232  49.9935  68.0628 0005531 128.5400 231.6065 15.54022950177532
METEOR-M2 3             
1 57166U 23091A   26152.28944698  .00000028  00000+0  30921-4 0  9994
2 57166  98.6089 207.5921 0003435 200.0650 160.0395 14.24045324152259
TIANMU-1 07             
1 57399U 23101A   26152.26993029  .00006948  00000+0  24472-3 0  9994
2 57399  97.2597 203.3053 0002997 155.7148 204.4235 15.29606653159219
TIANMU-1 08             
1 57400U 23101B   26152.30203567  .00007099  00000+0  24989-3 0  9994
2 57400  97.2587 203.1096 0004586 155.3895 204.7566 15.29612430159217
TIANMU-1 09             
1 57401U 23101C   26152.28574205  .00007289  00000+0  25635-3 0  9992
2 57401  97.2545 202.5178 0003315 165.3062 194.8276 15.29637014159214
TIANMU-1 10             
1 57402U 23101D   26152.31849480  .00006858  00000+0  24153-3 0  9992
2 57402  97.2624 203.5840 0004876 170.3185 189.8150 15.29608115159210
FENGYUN 3F              
1 57490U 23111A   26152.26044392  .00000075  00000+0  55533-4 0  9995
2 57490  98.6838 222.5652 0001533 105.2767 254.8580 14.19936100146606
ARKTIKA-M 2             
1 58584U 23198A   26146.82602476  .00000165  00000+0  00000+0 0  9997
2 58584  63.2204 156.7485 6896513 267.4914  18.7881  2.00593121 17897
TIANMU-1 11             
1 58645U 23205A   26152.32538277  .00006217  00000+0  23830-3 0  9997
2 58645  97.3446 174.1330 0010541  66.9092 293.3257 15.26815837135102
TIANMU-1 12             
1 58646U 23205B   26152.29535009  .00006229  00000+0  23919-3 0  9995
2 58646  97.3435 173.8625 0008526  54.7039 305.4997 15.26774715135082
TIANMU-1 13             
1 58647U 23205C   26152.32602118  .00006359  00000+0  24523-3 0  9992
2 58647  97.3462 174.1628 0007809  37.1292 323.0486 15.26630489135087
TIANMU-1 14             
1 58648U 23205D   26152.31169105  .00006130  00000+0  23612-3 0  9991
2 58648  97.3398 173.3429 0008778  40.4095 319.7794 15.26675504135081
TIANMU-1 19             
1 58660U 23208A   26152.27876792  .00009379  00000+0  31254-3 0  9999
2 58660  97.4494 268.5016 0005219  29.7222 330.4315 15.31312178134899
TIANMU-1 20             
1 58661U 23208B   26152.26363459  .00009123  00000+0  29291-3 0  9995
2 58661  97.4436 269.1052 0007485  32.5929 327.5773 15.32503633134980
TIANMU-1 21             
1 58662U 23208C   26152.27571870  .00011350  00000+0  33875-3 0  9993
2 58662  97.4494 271.7299 0007331  25.6340 334.5265 15.34770311135129
TIANMU-1 22             
1 58663U 23208D   26152.25529966  .00009113  00000+0  30849-3 0  9993
2 58663  97.4490 268.4273 0004601  54.7963 305.3708 15.30814971134890
TIANMU-1 15             
1 58700U 24004A   26152.30529759  .00006062  00000+0  23249-3 0  9992
2 58700  97.4663 338.4947 0008123  53.8927 306.3063 15.26843897133352
TIANMU-1 16             
1 58701U 24004B   26152.29167546  .00005750  00000+0  22252-3 0  9999
2 58701  97.4610 337.7359 0007201  57.9528 302.2409 15.26569395133359
TIANMU-1 17             
1 58702U 24004C   26152.27712362  .00006125  00000+0  23685-3 0  9998
2 58702  97.4639 338.2003 0006833  62.9471 297.2464 15.26569395133349
TIANMU-1 18             
1 58703U 24004D   26152.32174025  .00006258  00000+0  24010-3 0  9993
2 58703  97.4656 338.4905 0005337  61.0666 299.1108 15.26830211133351
INSAT-3DS               
1 58990U 24033A   26152.08791427 -.00000143  00000+0  00000+0 0  9994
2 58990   0.0199 249.2472 0001692 173.1288 300.9250  1.00271861 46904
METEOR-M2 4             
1 59051U 24039A   26152.28612310  .00000022  00000+0  29358-4 0  9991
2 59051  98.7003 111.7848 0006388 207.8953 152.1883 14.22427797117000
GOES 19                 
1 60133U 24119A   26152.16086497 -.00000236  00000+0  00000+0 0  9997
2 60133   0.0431 128.7227 0000631 351.5627 112.0891  1.00273058  6803
MTG-S1                  
1 64723U 25143A   26152.28478332 -.00000019  00000+0  00000+0 0  9999
2 64723   0.6174 335.5897 0001319  37.6335 335.6039  1.00271323  3262
METOP-SGA1              
1 65159U 25172A   26152.16077527  .00000067  00000+0  50306-4 0  9994
2 65159  98.6650 212.1801 0001016  84.3980 275.7314 14.21506888 41510
FENGYUN 3H              
1 65815U 25219A   26152.25660777  .00000069  00000+0  52755-4 0  9992
2 65815  98.6766  93.3360 0001622  90.0301 270.1062 14.19917340 35125
OSCAR 7 (AO-7)          
1 07530U 74089B   26152.01571860 -.00000039  00000+0  48160-4 0  9992
2 07530 101.9902 165.0936 0012414 160.3966 224.4518 12.53697843358495
PHASE 3B (AO-10)        
1 14129U 83058B   26151.37419858  .00000199  00000+0  00000+0 0  9998
2 14129  25.9012 222.3517 6016613 111.0420 320.8122  2.05869836295148
UOSAT 2 (UO-11)         
1 14781U 84021B   26152.31367001  .00001543  00000+0  16275-3 0  9999
2 14781  97.8049 118.0671 0006329 229.3011 130.7658 14.90740684254769
LUSAT (LO-19)           
1 20442U 90005G   26152.27467275  .00000144  00000+0  68085-4 0  9991
2 20442  98.8855 173.6413 0010484 251.1724 108.8323 14.34117882900116
EYESAT A (AO-27)        
1 22825U 93061C   26152.12712906  .00000136  00000+0  68666-4 0  9997
2 22825  98.6884 219.5458 0009125 141.8908 218.2921 14.30937512704704
ITAMSAT (IO-26)         
1 22826U 93061D   26152.18123230  .00000123  00000+0  63323-4 0  9991
2 22826  98.6831 219.5158 0009863 126.7502 233.4588 14.31363861705020
RADIO ROSTO (RS15)      
1 23439U 94085A   26151.97456815 -.00000045  00000+0 -79527-4 0  9991
2 23439  64.8186 329.4372 0155467   6.8696 353.4311 11.27583686294078
JAS-2 (FO-29)           
1 24278U 96046B   26152.04532106 -.00000021  00000+0  11717-4 0  9999
2 24278  98.5253   3.1277 0350559 138.2174 224.6308 13.53273546470982
TECHSAT 1B (GO-32)      
1 25397U 98043D   26151.97872634  .00000074  00000+0  52274-4 0  9995
2 25397  99.0064 144.3291 0000233 242.5789 117.5365 14.24424960449028
ISS (ZARYA)             
1 25544U 98067A   26152.12982146  .00009579  00000+0  17840-3 0  9991
2 25544  51.6333  19.5912 0007212 120.4663 239.7039 15.49534343569266
PCSAT (NO-44)           
1 26931U 01043C   26152.30438078  .00000167  00000+0  93351-4 0  9996
2 26931  67.0512 285.3510 0006137 264.0176  96.0226 14.31949672288178
SAUDISAT 1C (SO-50)     
1 27607U 02058C   26152.10621393  .00001155  00000+0  15327-3 0  9990
2 27607  64.5507 178.7384 0075544 265.4142  93.8333 14.83009056262070
CUTE-1 (CO-55)          
1 27844U 03031E   26152.02057220  .00000346  00000+0  16855-3 0  9996
2 27844  98.6737 160.7830 0008566 227.5578 132.4878 14.24324922189377
CUBESAT XI-IV (CO-57)   
1 27848U 03031J   26152.00092913  .00000288  00000+0  14576-3 0  9999
2 27848  98.6768 160.4891 0008288 248.3946 111.6350 14.23611465189071
MOZHAETS 4 (RS22)       
1 27939U 03042A   26152.33295549  .00000844  00000+0  13834-3 0  9992
2 27939  98.3462 336.2443 0010531 325.2033 156.4344 14.73436211213215
CUBESAT XI-V            
1 28895U 05043F   26151.89139139  .00001725  00000+0  27916-3 0  9994
2 28895  98.2967 307.1732 0012823 255.7800 104.1982 14.72583169 99358
CUTE-1.7+APD II (CO-65) 
1 32785U 08021C   26152.20560868  .00005695  00000+0  36109-3 0  9993
2 32785  97.8270 133.2947 0010848  85.1592 275.0875 15.09286333982788
SEEDS II (CO-66)        
1 32791U 08021J   26151.94213552  .00021859  00000+0  70556-3 0  9999
2 32791  97.7511 149.0722 0003381  45.8701 314.2817 15.32147997984802
YUBILEINY (RS30)        
1 32953U 08025A   26152.24428729  .00000033  00000+0  16907-3 0  9992
2 32953  82.5053   5.3596 0019541 349.4169  10.6497 12.43178753817713
KKS-1 (KISEKI)          
1 33499U 09002H   26152.26689816  .00001633  00000+0  20739-3 0  9997
2 33499  98.1195  74.4571 0007662 353.2527   6.8581 14.83078055933834
SWISSCUBE               
1 35932U 09051B   26152.15882111  .00001224  00000+0  25145-3 0  9998
2 35932  98.4048  59.7676 0005392 263.3578  96.7009 14.62447369886818
BEESAT-1                
1 35933U 09051C   26152.15994374  .00001024  00000+0  21543-3 0  9990
2 35933  98.3977  59.4375 0003941 282.4985  77.5774 14.61691465886840
ITUPSAT1                
1 35935U 09051E   26152.20532833  .00000936  00000+0  20336-3 0  9996
2 35935  98.4061  58.6924 0006247 294.0335  66.0210 14.60414065886406
XIWANG-1 (HOPE-1)       
1 36122U 09072B   26152.28406539  .00000207  00000+0  65889-3 0  9992
2 36122 100.4019 106.3709 0006828 271.5703  88.4627 13.16440394790912
O/OREOS (USA 219)       
1 37224U 10062C   26152.25700368  .00002709  00000+0  26165-3 0  9994
2 37224  71.9697 116.4210 0012383  98.0289 262.2287 14.93667808114262
JUGNU                   
1 37839U 11058B   26152.07859182  .00000456  00000+0  98509-4 0  9990
2 37839  19.9618  46.2876 0018499 258.1927 242.1590 14.13771859756742
SRMSAT                  
1 37841U 11058D   26152.32622016  .00000395  00000+0  70452-4 0  9994
2 37841  19.9701 155.4732 0011864  30.5063  85.9028 14.11572059755572
STRAND-1                
1 39090U 13009E   26152.04294942  .00000327  00000+0  12433-3 0  9991
2 39090  98.3916 332.6752 0007405 281.0151  79.0202 14.37152849694745
ZACUBE-1 (TSHEPISOSAT)  
1 39417U 13066B   26151.87618746  .00005323  00000+0  41419-3 0  9996
2 39417  97.8107 114.1247 0039954 305.5461  54.2040 15.01065870678281
GOMX-1                  
1 39430U 13066Q   26152.31978958  .00002989  00000+0  45132-3 0  9996
2 39430  97.6487 353.7842 0129836 127.9937 233.3079 14.69394106667583
CUBEBUG-2 (LO-74)       
1 39440U 13066AA  26151.85180420  .00005248  00000+0  48567-3 0  9990
2 39440  97.8899 100.7639 0059346  81.8636 278.9310 14.93616985674556
FUNCUBE-1 (AO-73)       
1 39444U 13066AE  26151.88087420  .00008784  00000+0  54793-3 0  9999
2 39444  97.8261 122.9897 0034652 258.7539 100.9794 15.09269307677200
UWE-3                   
1 39446U 13066AG  26151.83909214  .00005891  00000+0  50589-3 0  9995
2 39446  97.8705 107.8057 0049773  16.5373 343.7458 14.96884099675131
UNISAT-6                
1 40012U 14033C   26151.99650041  .00003438  00000+0  37186-3 0  9992
2 40012  97.7861 304.9963 0046372 121.1252 239.4526 14.88146409643758
DUCHIFAT-1              
1 40021U 14033M   26151.63155570  .00112264  00000+0  13097-2 0  9992
2 40021  98.0486 208.5103 0005333 144.2385 215.9228 15.61249453653164
QB50P1                  
1 40025U 14033R   26152.00171465  .00009498  00000+0  47051-3 0  9991
2 40025  98.0962 162.0162 0006995 283.0567  76.9884 15.17990494650579
LILACSAT-2              
1 40908U 15049K   26152.27393845  .00018395  00000+0  31942-3 0  9994
2 40908  97.4658 188.5157 0005536 322.0958  37.9903 15.50881512593289
FOX-1A (AO-85)          
1 40967U 15058D   26151.91881560  .00003876  00000+0  34902-3 0  9992
2 40967  64.7759 329.5373 0129644  62.9911 298.4368 14.90875624111146
CAS-2T & KS-1Q          
1 41847U 16066G   26152.17162887  .00001713  00000+0  24828-3 0  9997
2 41847  98.3822 228.0901 0342123 177.9738 182.2936 14.44637956502486
RADFXSAT (FOX-1B)       
1 43017U 17073E   26151.86818263  .00011065  00000+0  48249-3 0  9992
2 43017  97.4723  19.4199 0152151  25.6242 335.2429 15.12407117462928
DIWATA-2B               
1 43678U 18084H   26152.23108471  .00001951  00000+0  16046-3 0  9996
2 43678  98.1145 347.7494 0011817 223.4868 136.5423 15.00367647413828
ES'HAIL 2               
1 43700U 18090A   26152.29059002  .00000157  00000+0  00000+0 0  9996
2 43700   0.0114 305.9853 0001945 155.7296 278.4654  1.00271293 27515
FOX-1CLIFF (AO-95)      
1 43770U 18099N   26152.14908588  .00013440  00000+0  51911-3 0  9998
2 43770  97.4388 212.4576 0009635  53.2185 306.9937 15.26339289410770
ITASAT                  
1 43786U 18099AE  26152.07948172  .00008673  00000+0  41854-3 0  9997
2 43786  97.4037 203.9142 0013748  54.5178 305.7337 15.18833609410461
JY1SAT (JO-97)          
1 43803U 18099AX  26152.10777264  .00019722  00000+0  61811-3 0  9995
2 43803  97.4142 214.8925 0004502 341.1255  18.9819 15.33103336411167
UWE-4                   
1 43880U 18111E   26152.22407478  .00035089  00000+0  74145-3 0  9993
2 43880  97.5863  79.8924 0008604  39.5721 320.6154 15.45058133408319
TIANYAN 01              
1 44881U 19093C   26152.29345089  .00001550  00000+0  18102-3 0  9998
2 44881  97.7537 224.9128 0014615 134.8926 225.3479 14.86492125349058
RS-44 & BREEZE-KM R/B   
1 44909U 19096E   26151.97795166  .00000022  00000+0  42278-4 0  9996
2 44909  82.5221 350.4786 0217427 182.0063 178.0189 12.79748599300271
SALSAT                  
1 46495U 20068K   26151.98807022  .00008603  00000+0  30293-3 0  9991
2 46495  97.8847 154.0699 0009729  10.7749 349.3697 15.29543063312883
XW-3 (CAS-9)            
1 50466U 21131B   26152.29637174  .00000637  00000+0  21032-3 0  9990
2 50466  98.4977 244.7725 0005004 134.4310 225.7289 14.41341482232827
GREENCUBE (IO-117)      
1 53109U 22080E   26151.37556542 -.00000003  00000+0  00000+0 0  9994
2 53109  70.1436 304.0933 0008871 293.6090  66.3638  6.42583276 90987
UMKA 1 (RS40S)          
1 57172U 23091G   26152.23606298  .00007198  00000+0  33062-3 0  9990
2 57172  97.5057 210.9961 0013271 168.5851 191.5687 15.20617247161586
CUBESX-HSE 3 (RS42S)    
1 57178U 23091N   26152.29172935  .00014463  00000+0  48743-3 0  9993
2 57178  97.5099 217.6826 0011944 143.8401 216.3650 15.30777970161996
MONITOR-3 (RS58S)       
1 57180U 23091Q   26152.28157924  .00011446  00000+0  42714-3 0  9996
2 57180  97.5090 215.6142 0012715 150.3925 209.8036 15.27491987161868
MONITOR-4 (RS57S)       
1 57182U 23091S   26152.26159317  .00012204  00000+0  45386-3 0  9995
2 57182  97.5084 215.5643 0012672 150.8658 209.3291 15.27588970161865
MONITOR-2 (RS39S)       
1 57184U 23091U   26152.23749490  .00006084  00000+0  29567-3 0  9993
2 57184  97.5080 210.6244 0011839 160.9123 199.2557 15.18747702161535
SVYATOBOR 1 (RS60S)     
1 57187U 23091X   26152.26121026  .00010544  00000+0  40821-3 0  9990
2 57187  97.5096 215.9929 0010567 142.5981 217.5995 15.26319499161883
VIZARD-METEO (RS38S)    
1 57189U 23091Z   26152.24950535  .00017733  00000+0  51561-3 0  9995
2 57189  97.5098 221.4212 0008778 124.9699 235.2370 15.35475809162248
POLYTECH-UNIVERSE 3 (R*)
1 57191U 23091AB  26152.26679222  .00005521  00000+0  26675-3 0  9991
2 57191  97.5054 210.1584 0015676 178.9428 181.1842 15.18946119161536
UTMN 2 (RS27S)          
1 57203U 23091AP  26152.25273432  .00014656  00000+0  48144-3 0  9991
2 57203  97.5095 219.2574 0009426 131.0288 229.1769 15.31628298162109
KUZGTU 1 (RS47S)        
1 57217U 23091AV  26152.26895842  .00013728  00000+0  48191-3 0  9993
2 57217  97.5071 216.5909 0012060 147.2994 212.8995 15.29462316161946
SONATE-2                
1 59112U 24043Q   26151.95414564  .00042877  00000+0  58322-3 0  9994
2 59112  97.5518 301.3715 0006170 252.6142 107.4438 15.57445778125368
MESAT1                  
1 60209U 24125G   26152.02970384  .00060818  00000+0  71022-3 0  9997
2 60209  97.2310   9.1639 0008154 270.9260  89.1064 15.61389106107043
OOV-CUBE (TUBSAT-30)    
1 60240U 24128F   26151.81955755  .00003470  00000+0  26841-3 0  9996
2 60240  61.9959 282.6418 0046683 130.1218 230.3978 15.02688623103655
COLIBRI-S (RS67S)       
1 61746U 24199M   26152.28295380  .00023178  00000+0  45950-3 0  9998
2 61746  97.3014  25.9994 0007584 351.1619   8.9496 15.47013427134950
HORS 3 (RS81S)          
1 61753U 24199U   26152.25312331  .00039347  00000+0  61206-3 0  9996
2 61753  97.3000  27.7888 0005518   2.1682 357.9595 15.53805263135089
HORS 4 (RS82S)          
1 61754U 24199V   26152.19559761  .00051010  00000+0  67605-3 0  9990
2 61754  97.2948  28.8332 0004305 357.2938   2.8294 15.58115715135158
ARCTICSAT 1 (RS74S)     
1 61762U 24199AD  26152.10207330  .00547161  12817-3  12714-2 0  9992
2 61762  97.2873  35.0044 0004387 190.3924 169.7263 15.97093045135541
SIT-2086                
1 61764U 24199AF  26152.27646151  .00038200  00000+0  63599-3 0  9994
2 61764  97.2961  28.3441 0005419 336.8949  23.2060 15.51918650131967
HYPERVIEW 1G (RS66S)    
1 61772U 24199AP  26152.29384559  .00117424  00000+0  90028-3 0  9999
2 61772  97.2904  31.2573 0002933 349.4735  10.6466 15.71735099132173
ALTAIR (RS65S)          
1 61779U 24199AW  26152.29033165  .00008675  00000+0  24373-3 0  9997
2 61779  97.3046  21.7487 0012914  12.0163 348.1387 15.36683625134670
ASRTU-1 (AO-123)        
1 61781U 24199AY  26152.26471423  .00008565  00000+0  25040-3 0  9990
2 61781  97.3019  21.0806 0014112  13.7035 346.4589 15.35425543131482
SAMSAT-IONOSPHERE (RS7*)
1 61784U 24199BB  26152.24849398  .00045840  00000+0  65349-3 0  9994
2 61784  97.2968  27.7766 0007428 354.5773   5.5401 15.56151044135083
RTU MIREA 1 (RS51S)     
1 61785U 24199BC  26152.24237116  .00056390  00000+0  71466-3 0  9993
2 61785  97.2956  28.5243 0006868 351.3103   8.8034 15.59267742131988
TEVEL2-4                
1 63213U 25052D   26152.13868696  .00019298  00000+0  58810-3 0  9995
2 63213  97.3928  48.5097 0004003 135.4759 224.6806 15.34001572 67659
TEVEL2-5                
1 63214U 25052E   26152.15742860  .00018589  00000+0  56953-3 0  9990
2 63214  97.3928  48.4806 0003820 135.5785 224.5765 15.33839482 67654
TEVEL2-6                
1 63215U 25052F   26151.64745499  .00022895  00000+0  70186-3 0  9994
2 63215  97.3931  47.9549 0003882 135.3365 224.8191 15.33778928 67571
TEVEL2-1                
1 63217U 25052H   26151.93191094  .00020868  00000+0  65021-3 0  9994
2 63217  97.3897  47.8829 0003704 144.7700 215.3788 15.33280482 67608
TEVEL2-3                
1 63218U 25052J   26151.66608101  .00023021  00000+0  71595-3 0  9994
2 63218  97.3903  47.6376 0003537 145.3874 214.7599 15.33321295 67561
TEVEL2-2                
1 63219U 25052K   26151.67126382  .00022835  00000+0  71115-3 0  9992
2 63219  97.3902  47.6247 0003508 146.4369 213.7096 15.33277480 67564
TEVEL2-9                
1 63237U 25052AD  26151.95432026  .00018459  00000+0  61088-3 0  9993
2 63237  97.3954  47.3180 0006148 179.5124 180.6125 15.31360356 67549
TEVEL2-7                
1 63238U 25052AE  26151.66540704  .00020472  00000+0  68321-3 0  9990
2 63238  97.3966  46.9520 0006110 181.5260 178.5964 15.31067500 67495
TEVEL2-8                
1 63239U 25052AF  26151.93490837  .00018717  00000+0  62516-3 0  9991
2 63239  97.3966  47.1985 0006117 180.5958 179.5277 15.31060500 67530
INNOSAT 16 (RS92S7)     
1 64878U 25155C   26152.25804241  .00006679  00000+0  26809-3 0  9998
2 64878  97.4557 119.4398 0008812 235.9732 124.0670 15.25273363 78245
GEOSCAN 6 (RS92S6)      
1 64879U 25155D   26152.22355598  .00010251  00000+0  35727-3 0  9992
2 64879  97.4549 120.7185 0006241 221.1684 138.9086 15.29824637 78327
GEOSCAN 1 (RS92S1)      
1 64880U 25155E   26152.29747078  .00011582  00000+0  39622-3 0  9995
2 64880  97.4546 120.9272 0006182 220.4508 139.6274 15.30397588 78347
239ALFEROV (RS61S)      
1 64881U 25155F   26152.22399201  .00015370  00000+0  49195-3 0  9995
2 64881  97.4547 121.3624 0005704 217.0396 143.0452 15.32480060 78360
GEOSCAN 2 (RS92S2)      
1 64890U 25155Q   26152.22860040  .00011378  00000+0  38605-3 0  9997
2 64890  97.4545 121.0042 0005963 203.6448 156.4520 15.30668614 78348
GEOSCAN 5 (RS92S5)      
1 64891U 25155R   26152.28160655  .00015051  00000+0  47713-3 0  9991
2 64891  97.4539 121.5519 0004424 220.8558 139.2353 15.32797898 78386
GEOSCAN 4 (RS92S4)      
1 64892U 25155S   26152.20207291  .00016082  00000+0  50730-3 0  9990
2 64892  97.4542 121.5156 0004435 222.0433 138.0469 15.32940557 78372
GEOSCAN 3 (RS92S3)      
1 64893U 25155T   26152.22294132  .00018662  00000+0  55438-3 0  9999
2 64893  97.4532 121.9215 0004305 218.6592 141.4343 15.34817629 78403
INNOSAT 3 (RS92S0)      
1 64894U 25155U   26152.29715431  .00038260  00000+0  87753-3 0  9998
2 64894  97.4484 123.4275 0003318 197.3410 162.7724 15.42634273 78510
KNACKSAT-2              
1 67683U 98067XZ  26152.00726256  .00049318  00000+0  63621-3 0  9999
2 67683  51.6301  15.7710 0011212 145.6045 214.5676 15.58422414 17758
